Chromo: [[1, 37.27032989452051, 38.71376250631154], [2, 18.731218041002126, 47.5672243933523], [3, 35.122629858386915, 30.2293148550666], [5, 29.645997171367593, 48.093370102646226], [7, 22.693121144403012, 31.77122691848425], [8, 14.3865559955679, 32.76005580601779], [11, 15.349239933887464, 35.028271883718524], [12, 8.891087897214025, 36.1451174966518], [13, 11.014252483302743, 6.114028899188889], [17, 7.3566160276699275, 27.191774641568742], [19, 5.684944026492857, 38.25498633676185], [20, 1.456843154730082, 18.31503731954087], [22, 21.0670569079426, 24.493236743367273], [23, 2.735693279442136, 5.653993523725028], [25, 14.428737565238686, 31.360769521280197], [26, 44.618269869940534, 41.703601929521724], [27, 49.90941024972202, 48.256628366358065], [28, 33.03878565359237, 33.76143827780589], [29, 28.55735086681928, 13.59337329939373], [30, 32.80961309950349, 20.395378845788088], [31, 42.06081335477325, 37.815508654390484], [34, 11.530596686831247, 48.76476205743064], [36, 1.5595364976728119, 15.406070147229647], [37, 3.731386523985578, 46.73443669874323], [38, 34.98780435160206, 34.56696869708814], [39, 9.072437319356645, 46.06365091496523], [40, 23.08812588529135, 35.72395961472159], [42, 32.37711918876688, 23.481045795899107], [47, 13.116050578456889, 38.168574508059], [48, 12.663937205345803, 17.647796515034784], [49, 20.70805764062984, 29.19979883205476]]
Fitness: 982.9751641021659