Chromo: [[0, 40.793098928805605, 49.02496600742472], [1, 7.021368026418855, 19.87358245119277], [2, 31.484292817036017, 42.99448786160349], [3, 26.56082894145655, 18.73257592015456], [8, 39.90197224051926, 47.832418048364396], [9, 26.611584481621005, 17.55332121729975], [11, 24.58184463830282, 29.214451590894875], [12, 17.173386580961466, 43.00067506728669], [13, 20.974009080897766, 43.65295235871378], [14, 24.086377304754425, 34.88309872192649], [15, 26.527323909670212, 31.133619701139303], [17, 46.20383404067081, 36.82494465678393], [22, 40.15422651133265, 44.2230428640287], [25, 18.076793773622036, 12.600287241167637], [26, 27.21165173912966, 37.82746479099714], [27, 4.886631696635929, 12.494171724007247], [28, 14.842550957404738, 29.924996254539675], [29, 3.3150780614356545, 10.20779096855199], [31, 13.975366314780532, 32.156079463394086], [32, 27.74051088826068, 34.15209551862808], [35, 9.54512125449574, 28.553521946008217], [36, 1.9478406227165859, 48.07683730855521], [37, 47.198652328237685, 32.73456101134511], [38, 23.47885191781666, 49.40711569353089], [39, 8.292259310703269, 35.93865579470014], [41, 12.520354116382386, 44.751474371970446], [42, 32.50368463712439, 29.9825388473499], [43, 8.837061371639749, 39.68938095077794], [44, 46.252686023174746, 45.556937938022855], [45, 3.603619501814108, 31.76114378756235]]
Fitness: 1014.7591900779225