Chromo: [[0, 39.37251713414813, 44.03488502849567], [3, 47.71944765178562, 46.41505245911584], [5, 3.092519372624297, 15.76262328080567], [7, 35.709147446966, 33.045858954518856], [8, 30.58204854867599, 18.526664466785085], [9, 29.38146519306412, 42.29180543005562], [13, 17.767342155024238, 49.46188722105409], [18, 34.619351722107716, 43.67222759511715], [19, 24.96587684351123, 25.888521463218897], [20, 40.81713394147759, 44.97073618498935], [21, 18.700633289035675, 16.733229471768976], [23, 21.863664918377175, 32.1939801605545], [24, 3.8371559170041714, 11.868724205470043], [25, 9.228887110029667, 6.080988441002826], [27, 37.5745373064755, 44.38401536562806], [29, 44.07951112249834, 12.541665932035055], [30, 35.25125174184561, 42.313765812171326], [32, 8.891626734268751, 1.622376481666117], [33, 11.397391458493534, 24.607575422337355], [34, 29.612190409870905, 18.74113933800587], [36, 24.668843763187972, 33.88759935635087], [37, 5.347070724317179, 8.416680527517038], [38, 25.220914209013863, 25.295304109057845], [41, 34.3487677846299, 20.789747560222068], [45, 34.33401457023403, 43.10170938644302], [48, 3.7197157103279497, 36.72562569204936]]
Fitness: 743.3743893464366