Chromo: [[0, 14.113453556317596, 40.999349191464376], [1, 30.809001703515467, 44.03417310784169], [2, 29.02018368969519, 32.253743832627464], [3, 39.65453546751878, 47.21657546321797], [4, 9.732649108690516, 40.31838100769116], [5, 2.82290618353833, 19.33765910862598], [6, 1.439237853953793, 4.8140936198379745], [7, 34.81123220248843, 43.27949248284876], [9, 26.218640458977536, 29.480812463911526], [10, 2.3312970132965045, 39.74597195098061], [12, 17.78651249427163, 31.07207980321593], [13, 38.59622094955332, 44.19023054323213], [15, 5.168744573081357, 6.154516792522099], [17, 19.375685945830117, 33.34851731337473], [19, 6.182299096063539, 19.25727822747564], [20, 35.753758896877855, 34.678494980043666], [22, 22.77665957052668, 40.596023126599725], [25, 46.66634927195034, 47.6558673456364], [26, 12.149103820603235, 29.433097179487262], [28, 29.54650432201499, 22.361246002425663], [29, 8.445946391436202, 2.689900880869307], [30, 7.708833227012783, 40.82376015762557], [32, 42.76849659293735, 43.177927641136996], [33, 19.25739035507252, 28.231290975012797], [34, 23.654994861892042, 47.101923565860325], [39, 14.339757818317842, 20.584142285900498], [40, 6.244629385836679, 17.825384743788778], [41, 3.685665934829261, 47.11340871912769], [43, 6.991940998141042, 23.26492281536472], [45, 39.144072726684705, 28.72168232835387], [46, 22.19552029365357, 37.72051027443328], [48, 22.334865305436658, 25.24933662114559]]
Fitness: 1012.7317945516802