Chromo: [[0, 39.37251713414813, 44.03488502849567], [2, 17.651247141615237, 14.584081758797181], [3, 47.71944765178562, 46.41505245911584], [5, 3.092519372624297, 15.76262328080567], [7, 35.709147446966, 33.045858954518856], [9, 29.38146519306412, 42.29180543005562], [13, 17.767342155024238, 49.46188722105409], [15, 15.686459647143607, 11.701512990103298], [17, 14.01479266673847, 28.531000392092324], [18, 34.619351722107716, 43.67222759511715], [19, 24.96587684351123, 25.888521463218897], [20, 40.81713394147759, 44.97073618498935], [23, 21.863664918377175, 32.1939801605545], [24, 3.8371559170041714, 11.868724205470043], [27, 37.5745373064755, 44.38401536562806], [28, 22.60265507968836, 26.98586603734664], [30, 35.25125174184561, 42.313765812171326], [33, 11.397391458493534, 24.607575422337355], [34, 29.612190409870905, 18.74113933800587], [35, 49.89771874412788, 36.90683256892518], [36, 24.668843763187972, 33.88759935635087], [37, 5.347070724317179, 8.416680527517038], [40, 13.997200604670617, 20.806300597260087], [44, 38.37500112523073, 42.79096203340434], [45, 34.33401457023403, 43.10170938644302], [48, 3.7197157103279497, 36.72562569204936]]
Fitness: 824.0909692618277