Chromo: [[0, 3.7080235930051053, 7.345902741497921], [2, 3.072131242464856, 8.512949699680906], [5, 1.0330535701175663, 5.885468447466573], [6, 4.803657916772006, 9.37676323961717], [8, 8.833104294193394, 5.816554167034022], [9, 2.4076866099838794, 5.566193194349993]]
Fitness: 42.503831489646586