Chromo: [[1, 8.858366362891587, 24.836234980036252], [2, 3.663430646302742, 2.2668835180954385], [3, 19.93575629628754, 21.498547210009757], [4, 24.239747069419515, 29.68750822221459], [5, 2.87031484207307, 38.388820960856755], [6, 14.032511058651853, 41.07165870504704], [7, 22.87597916189724, 20.768426431344583], [8, 26.747059482763266, 31.12863401542709], [9, 23.24650029237471, 23.309010512467147], [10, 41.11823825167702, 37.84324892461234], [14, 23.906612918765713, 34.9487781059966], [15, 19.30047940992534, 43.10684318655898], [17, 20.09837966798632, 39.214579822450126], [19, 31.191136666630214, 34.1992899167915], [20, 25.19373173522029, 48.04008673734555], [22, 26.792113962543695, 43.5141639477091], [23, 10.07824906509995, 39.93482263064668], [25, 6.271318518774282, 40.824338361784704], [26, 17.153746471820927, 10.94835921067703], [27, 11.965878913172807, 25.23191188421236], [28, 15.23511532535399, 2.4758272429430064], [31, 31.206604997997857, 43.72175572922641], [34, 3.749636356976227, 22.896697817478664], [35, 21.115388049156405, 10.732559414281017], [36, 3.7987372966735196, 29.61555882732081], [39, 16.7696647248272, 48.378564060970454], [40, 10.591027516242338, 3.5087593599700786], [42, 26.845277309025235, 43.9837726512212], [45, 7.570226448358996, 40.889456167338324], [47, 19.193463651757146, 35.852147438924526], [49, 4.743102294992092, 44.689771435509726]]
Fitness: 957.5070174294676