Chromo: [[1, 8.858366362891587, 24.836234980036252], [2, 3.663430646302742, 2.2668835180954385], [4, 24.239747069419515, 29.68750822221459], [5, 2.87031484207307, 38.388820960856755], [6, 14.032511058651853, 41.07165870504704], [8, 26.747059482763266, 31.12863401542709], [9, 23.24650029237471, 23.309010512467147], [10, 41.11823825167702, 37.84324892461234], [11, 11.570097057019494, 8.738691339146472], [14, 23.906612918765713, 34.9487781059966], [15, 19.30047940992534, 43.10684318655898], [17, 20.09837966798632, 39.214579822450126], [19, 31.191136666630214, 34.1992899167915], [20, 25.19373173522029, 48.04008673734555], [21, 44.15316716473218, 28.797705051382653], [22, 26.792113962543695, 43.5141639477091], [23, 10.07824906509995, 39.93482263064668], [25, 6.271318518774282, 40.824338361784704], [27, 11.965878913172807, 25.23191188421236], [29, 37.86436167455793, 18.164937317456864], [30, 5.03802519449941, 13.896396252567218], [31, 31.206604997997857, 43.72175572922641], [34, 3.749636356976227, 22.896697817478664], [36, 3.7987372966735196, 29.61555882732081], [39, 16.7696647248272, 48.378564060970454], [42, 26.845277309025235, 43.9837726512212], [45, 7.570226448358996, 40.889456167338324], [46, 15.651029677837538, 18.54654982609521], [47, 19.193463651757146, 35.852147438924526], [49, 4.743102294992092, 44.689771435509726]]
Fitness: 975.7188183468907