Chromo: [[0, 43.98978097464839, 36.029981642676766], [1, 6.450803373627338, 20.660054674535516], [2, 23.17612633218547, 14.636099669519579], [3, 24.42900581682369, 12.989666485994865], [4, 10.590815191176192, 36.694266941599075], [5, 2.026832714473705, 34.7543269763156], [6, 23.935129085475186, 13.38588450213232], [7, 37.483435245040056, 45.425251567942595], [8, 40.33912615862046, 25.241296009529467], [10, 16.705998848348408, 18.503532702747574], [11, 13.813153567173522, 20.927898044104964], [12, 29.249671875516093, 36.35367954870224], [14, 22.920942976549956, 23.889376736540502], [17, 7.937570952123045, 40.507733707834795], [19, 20.593378001855328, 32.918054486062914], [22, 16.829843608972258, 23.835042264302153], [27, 1.5408321737473956, 23.84218655292814], [30, 3.054316066331125, 12.20660962923152], [31, 27.37946970200075, 43.60487288004874], [32, 4.963692605263492, 13.796242315101464], [33, 42.72486397629024, 23.61720318827961], [35, 14.102112678697381, 20.55155374142545], [36, 14.93109568979498, 31.480465285388558], [39, 2.9465072101212852, 18.00451061448059], [40, 1.0730250696474717, 35.33783901126412], [42, 5.575988658692538, 4.41090293572532], [43, 30.2259603501443, 21.527355915705535], [44, 41.89020997276583, 35.85011404696849], [45, 11.555158094269123, 47.01181143760043], [47, 15.288193703901308, 37.61051062927105], [48, 28.414801656069216, 30.11366791527095], [49, 5.636105607308922, 32.18495198943745]]
Fitness: 867.9029440486685