Chromo: [[0, 31.924404580250087, 46.41073234131568], [1, 17.991765919199775, 43.193769282654856], [2, 7.900009593014207, 12.399984858073339], [4, 21.33370777027842, 36.446166567824264], [5, 1.149325566993534, 34.85102348532022], [6, 42.21506721323309, 42.550693849082066], [8, 18.984188967972823, 11.151296053056628], [9, 1.0669560660057713, 37.382478867042515], [10, 11.40101475070176, 31.197058287901584], [14, 19.70434234137537, 35.64658200096956], [15, 16.99934608109066, 21.685965659301047], [16, 3.0995937521512364, 26.441002738516794], [17, 28.493341819393667, 36.49526064494564], [19, 13.823810635968774, 45.54882160691666], [20, 2.666401759382773, 36.95935461104679], [21, 45.102099977925505, 38.540970468022174], [22, 39.912272216543414, 40.461183598575246], [23, 11.36353168092689, 39.95092332902664], [25, 7.11319075312747, 44.75585426249356], [26, 18.297713496486587, 23.74668204878306], [28, 38.200014196356925, 33.68158926642471], [29, 17.671758804886377, 34.920696666917216], [33, 11.34723464898386, 38.524389157657716], [36, 9.644152635560378, 16.928903893770432], [37, 5.875087123054945, 28.599872116668774], [38, 16.178066422530623, 33.37270659814614], [40, 10.13751436849958, 25.490263717662824], [41, 13.085605890257579, 36.96646619275432], [42, 30.45882899486181, 45.653146063608546], [44, 37.720799513976814, 45.47456773867865], [47, 12.767998564682085, 23.1260578525097], [49, 12.971308771906193, 9.856171802208568]]
Fitness: 1058.410635627876