Chromo: [[0, 35.98531486015889, 42.94400877724303], [4, 6.724164250449484, 30.897895001260327], [5, 38.165685537875, 7.740970218768499], [6, 10.862360852966795, 49.64680856350424], [7, 11.540210729264038, 47.05779439837237], [8, 17.60128090231323, 32.45259197438611], [9, 3.5204929666390785, 49.06850362488082], [11, 1.610881478199146, 41.32991224877783], [13, 6.987254196313401, 47.49080832113538], [14, 8.905541085510116, 23.379482446169657], [15, 5.562317310417555, 37.321009584833874], [16, 11.49092213587534, 23.4608681719945], [20, 20.17107749716577, 38.69107447812976], [21, 23.49414023330256, 8.64045688560538], [23, 20.027443407065444, 38.59274076347115], [25, 23.936579631798143, 32.48751288906662], [30, 28.228328755461565, 20.23490463031553], [31, 36.334322721989075, 7.924508404569672], [33, 3.936047542412676, 49.20120715197478], [35, 32.15793740265974, 30.359640673260703], [39, 40.6510506821449, 43.55771455571345], [41, 35.535400811218764, 11.12885578313758], [42, 40.875002815178796, 41.178877048317], [43, 7.846270365604997, 25.83822000137601], [44, 29.615496014840915, 28.29654931143068], [46, 14.454601609732299, 37.116019148962465], [47, 22.884020505775464, 35.50939702139286], [48, 24.11997739729049, 38.857322663491495]]
Fitness: 920.4056547415418