Chromo: [[0, 35.98531486015889, 42.94400877724303], [4, 6.724164250449484, 30.897895001260327], [6, 10.862360852966795, 49.64680856350424], [7, 11.540210729264038, 47.05779439837237], [8, 17.60128090231323, 32.45259197438611], [9, 3.5204929666390785, 49.06850362488082], [10, 45.76065133508769, 6.047575751682199], [11, 1.610881478199146, 41.32991224877783], [13, 6.987254196313401, 47.49080832113538], [15, 5.562317310417555, 37.321009584833874], [16, 11.49092213587534, 23.4608681719945], [17, 25.254044014830875, 37.20272889460414], [20, 20.17107749716577, 38.69107447812976], [24, 20.20964547912716, 12.249733550013074], [25, 23.936579631798143, 32.48751288906662], [26, 29.112876769517424, 20.38224919951038], [27, 21.535433206443546, 44.290547327204116], [30, 28.228328755461565, 20.23490463031553], [31, 36.334322721989075, 7.924508404569672], [33, 3.936047542412676, 49.20120715197478], [35, 32.15793740265974, 30.359640673260703], [40, 12.483261765543313, 1.572003243737008], [41, 35.535400811218764, 11.12885578313758], [42, 40.875002815178796, 41.178877048317], [43, 7.846270365604997, 25.83822000137601], [45, 40.07820866799455, 44.78791221493063], [46, 14.454601609732299, 37.116019148962465], [47, 22.884020505775464, 35.50939702139286], [49, 25.092806021862625, 34.24728290234081]]
Fitness: 932.1204509809137