Chromo: [[3, 16.13990395318293, 7.545691725175214], [4, 18.08777314158001, 47.598275417761116], [5, 20.022061153564774, 46.39004716041579], [6, 4.090990874034322, 11.75517133334079], [7, 32.782382358845595, 38.48345246645831], [8, 18.260491974701058, 41.145588432380336], [11, 26.52832679498089, 23.15019177704448], [14, 3.4079223695381042, 40.535364136664576], [16, 13.777249285419634, 36.48437968859633], [17, 7.6860460420484875, 4.672885650814027], [18, 15.677677501918057, 49.967697785621546], [19, 19.291022041598847, 45.238779964979486], [21, 31.050998434369212, 31.964670153669815], [22, 7.267480423810506, 31.806109632754072], [23, 16.398139070316503, 31.88968956839107], [24, 12.103764553342279, 40.299461338266376], [25, 4.496639763881637, 27.824035183939575], [26, 36.94027366615378, 44.61477927313674], [27, 13.11274520345097, 44.709802131739394], [29, 5.384347847907582, 31.14609105507111], [32, 12.532100719620615, 46.72362277987522], [35, 28.15825211525698, 24.034083326937534], [37, 23.022374986888273, 48.76646128328884], [38, 12.8223740183385, 37.03035011941287], [41, 36.21455811585868, 23.383472031125287], [42, 4.615765202469373, 11.61594912746671], [43, 18.064378818819353, 35.389678296981735], [44, 6.014945838674749, 38.23664783683496], [46, 39.792133349681656, 31.717961081264534], [47, 32.37120746480774, 33.84890221446054], [48, 38.334301577959586, 24.888502990043936]]
Fitness: 1032.8577949639125