Chromo: [[0, 37.330447710691516, 46.69791412466347], [1, 4.8135208815206845, 31.389374468185455], [2, 49.924872821087206, 37.36192369168271], [5, 1.1910909397938656, 28.87382417940344], [6, 44.90029999690394, 34.6936480804474], [8, 28.266694470478598, 45.21722435962064], [9, 13.304236327819456, 8.841083232408682], [12, 20.669223182018136, 22.975940923922067], [13, 40.27135290483157, 40.304774230253074], [16, 35.35815894958375, 24.00425793504771], [20, 17.32950400586087, 21.458676204079154], [21, 11.284518168645505, 41.44823501327654], [22, 20.92686348903313, 3.300828319040735], [23, 1.7611379926725765, 9.936866162807949], [26, 24.64409773455798, 39.449562240635274], [27, 4.704949752343241, 18.327466493856182], [29, 4.2225539635974325, 47.03606094517771], [30, 12.140290198970666, 5.758375370946855], [34, 3.3319657101093987, 4.33265692430763], [36, 8.305981375046738, 17.17986990009834], [37, 19.481373404741188, 13.21750474428236], [38, 46.61374364771418, 48.42528152571966], [39, 36.259930532447505, 26.498271930914328], [40, 11.649430633231304, 16.822428040822892], [41, 10.412546868782513, 35.70953796321414], [44, 31.042333645337123, 28.738766358560845], [45, 5.015360023782356, 34.22074404199818], [46, 14.030499929429292, 7.108498360136382], [47, 7.0046377488027245, 49.35634555336151], [48, 4.142240549109664, 12.83764557042384], [49, 27.008531429971296, 48.1442542616066]]
Fitness: 849.667841150902