Chromo: [[1, 4.506928591600971, 7.379896297535081], [2, 3.6473095162355764, 6.977028683183217], [4, 5.170243311346556, 5.653068202520818], [5, 1.123586567233789, 6.558366270530322], [6, 1.4925462239015674, 9.607163681138656], [8, 2.004469369697138, 5.083792626742322], [9, 1.5142761299486525, 3.9267992928504247]]
Fitness: 45.18611505450084