Chromo: [[2, 11.313232632815412, 17.55893694588529], [3, 3.1286250845558268, 23.75902153016664], [4, 9.337241412630107, 14.056934492734108], [5, 10.58464280306133, 41.54110430425976], [6, 24.328667655623487, 45.57884462843655], [7, 8.568825437681099, 28.569280743510426], [9, 17.822557995829875, 42.66138930858713], [10, 10.417434082885801, 21.0386765019283], [18, 1.1713333150045808, 25.63167241789388], [22, 35.70685787444496, 12.711133451689564], [24, 40.10498655254235, 41.14774711273068], [25, 18.103296589331165, 18.655349592454346], [26, 38.012981081399566, 44.744103534406406], [27, 32.73613862278276, 29.73821498823232], [28, 30.529632561680387, 34.35177350081311], [29, 16.92856688847892, 40.35208338611023], [31, 4.117136046394025, 39.73253250458312], [32, 7.791146208310776, 39.664411623561215], [33, 25.272462594142784, 33.216641019158004], [34, 19.00979552056213, 13.671136331342254], [36, 21.76051068295805, 42.768878995310814], [37, 17.859336328796857, 44.20312724696152], [38, 17.09783520610114, 32.11549533210089], [39, 9.129008159928377, 41.95260940050144], [40, 47.37356779053394, 46.12036335288835], [42, 2.483287337032806, 30.821693733413145], [43, 30.97476435152729, 23.780607583900526], [44, 14.277058442138847, 20.471649908640153], [46, 40.79144181948806, 47.52720946086598], [47, 19.396563526892944, 24.906863237741735], [48, 32.06669423347061, 37.60551996125303]]
Fitness: 1000.655006132061