Chromo: [[2, 30.730247989599544, 39.53082449125839], [3, 8.622356223700939, 10.025009206659464], [5, 16.17105974528222, 43.374914222459196], [6, 16.18110053814779, 26.848076889331534], [7, 17.845102954527945, 36.74422276776724], [10, 22.370545458683, 36.10693248353958], [13, 13.165981767582476, 29.157788309126737], [14, 6.529721195171546, 22.310126326117487], [15, 17.222565935250156, 49.4483344193588], [16, 4.2722318428008865, 2.957633448180998], [17, 3.660051939956821, 36.39433441661113], [18, 17.417074095252268, 5.258118209248414], [20, 36.862958858085946, 44.38513439363654], [21, 8.370686182616652, 36.582760565823456], [22, 4.00340961778943, 1.04365983730564], [23, 2.1239448918707695, 37.56131893553928], [24, 13.12598384349914, 28.986432045618255], [26, 33.884877995916305, 36.5682014917096], [27, 3.4587586163870685, 40.098638160818695], [28, 15.385039544524949, 35.159478479638224], [29, 14.677641140519471, 34.74329225148288], [30, 21.176881668371696, 37.03653450983187], [31, 10.628043916630736, 37.973516391428284], [32, 37.4418159493414, 17.852651070362548], [35, 9.894584121747656, 40.98167772138444], [36, 28.899968965085584, 44.63384041167375], [38, 6.009683270603787, 25.008756394067863], [39, 7.5723758661194465, 47.11915006242743], [40, 1.422553470117065, 42.558403133105294], [41, 15.923160389333672, 43.753007513053866], [42, 44.04108015900973, 34.59314675977566], [43, 1.5401982000327425, 24.82731828228402], [44, 3.1422202502682555, 44.62255284280979], [47, 27.160256187269713, 46.541160120538734], [48, 11.94286376850129, 44.76908333547188]]
Fitness: 1165.556029899447