Chromo: [[0, 37.47754547790614, 31.093600519584022], [2, 4.11460752116883, 22.911754845355706], [3, 6.04310361476684, 40.03420654552608], [4, 25.90713593731993, 28.279795744487675], [6, 2.862970330721875, 25.240251625941482], [7, 6.758452895749665, 43.83643501596767], [8, 2.7174409561827333, 11.984114160462376], [12, 14.72191925821933, 24.684325749118834], [13, 5.8432484900821775, 44.19571202909266], [14, 22.353267765673994, 37.847794111235615], [17, 5.088402909260467, 40.30940984887154], [18, 24.11602004187983, 49.55953841944404], [20, 29.805647073495674, 30.46970587020963], [21, 16.459043694589155, 30.25463619818532], [22, 16.234481166700384, 48.16804000942473], [25, 37.25216452274662, 32.592168910598275], [26, 23.29859407694585, 49.07118125804769], [27, 11.859696211767043, 39.61493493983121], [28, 29.74761141992351, 37.13402439135541], [29, 16.4060373879884, 34.59859880759053], [30, 41.611075082615095, 49.45762276985331], [31, 16.00697929120943, 19.80788789259962], [32, 16.341045755861728, 16.490207743533745], [33, 17.53525305669602, 21.262434452966538], [34, 6.156829738695403, 45.855267443378615], [35, 9.455423935098146, 45.239444660864955], [38, 12.229588760086031, 45.27435253688607], [40, 35.94140746366721, 41.275042361929], [43, 17.342591176775485, 13.815439436535662], [44, 16.68307937545002, 38.078554653898486], [46, 17.7897335319572, 42.69147343436925]]
Fitness: 1081.1279563871458