Chromo: [[0, 9.546184180367991, 40.29774937986888], [3, 16.708724762929357, 20.82800316724145], [4, 49.9371117671788, 40.62574835603172], [7, 13.81196434927544, 37.85523251191438], [9, 34.79182099442198, 43.98920712594275], [10, 14.488353034531903, 49.893208678498496], [11, 10.02330984519709, 48.75277143581073], [12, 23.53305754562069, 33.07322449776533], [13, 29.021408175477863, 48.46332011039751], [15, 1.4225545533124482, 41.1132535819026], [16, 18.66699388917137, 43.221156312189834], [17, 36.190858854144714, 38.46165068342828], [20, 2.7286864780857107, 39.149267324190085], [23, 26.06242563681129, 29.013275990742276], [27, 37.127889500341155, 47.99522629422119], [28, 37.451003225517454, 37.093703074742024], [30, 8.15321348301434, 42.30764306743687], [31, 21.259675144643744, 46.00722273250043], [33, 21.665301070399902, 35.50491816678671], [34, 40.496002226877174, 49.898786552716416], [35, 33.52100911721941, 40.9785130104159], [37, 25.55672204789411, 48.48041358930995], [39, 18.361243752142116, 24.202823612583497], [42, 30.322881726444777, 49.463926028415045], [43, 23.23122595764077, 6.549239752457994], [44, 26.813055863717057, 34.85759176199918], [47, 18.949971922780556, 29.305254706136303], [49, 3.2523373696685423, 21.465942471296867]]
Fitness: 1068.8482739769427