Chromo: [[0, 9.546184180367991, 40.29774937986888], [1, 38.72815532293228, 15.800793909127357], [3, 16.708724762929357, 20.82800316724145], [5, 3.9091175254468897, 5.177333050971473], [6, 44.428363805496396, 29.626445034076497], [7, 13.81196434927544, 37.85523251191438], [10, 14.488353034531903, 49.893208678498496], [11, 10.02330984519709, 48.75277143581073], [12, 23.53305754562069, 33.07322449776533], [13, 29.021408175477863, 48.46332011039751], [15, 1.4225545533124482, 41.1132535819026], [16, 18.66699388917137, 43.221156312189834], [17, 36.190858854144714, 38.46165068342828], [20, 2.7286864780857107, 39.149267324190085], [23, 26.06242563681129, 29.013275990742276], [24, 45.38539267796858, 35.23749466696332], [25, 11.75349390556442, 3.219256413438941], [29, 14.103453632968177, 16.79473449215851], [30, 8.15321348301434, 42.30764306743687], [31, 21.259675144643744, 46.00722273250043], [34, 40.496002226877174, 49.898786552716416], [35, 33.52100911721941, 40.9785130104159], [37, 25.55672204789411, 48.48041358930995], [39, 18.361243752142116, 24.202823612583497], [40, 15.119709375003701, 9.178663024434174], [42, 30.322881726444777, 49.463926028415045], [44, 26.813055863717057, 34.85759176199918], [46, 44.80170282387186, 3.5539532386865957], [49, 3.2523373696685423, 21.465942471296867]]
Fitness: 946.3736503304808