Chromo: [[0, 9.546184180367991, 40.29774937986888], [1, 38.72815532293228, 15.800793909127357], [3, 16.708724762929357, 20.82800316724145], [5, 3.9091175254468897, 5.177333050971473], [6, 44.428363805496396, 29.626445034076497], [9, 34.79182099442198, 43.98920712594275], [10, 14.488353034531903, 49.893208678498496], [11, 10.02330984519709, 48.75277143581073], [12, 23.53305754562069, 33.07322449776533], [15, 1.4225545533124482, 41.1132535819026], [16, 18.66699388917137, 43.221156312189834], [17, 36.190858854144714, 38.46165068342828], [20, 2.7286864780857107, 39.149267324190085], [21, 10.131496135364655, 6.648812656152056], [22, 11.2094698001543, 4.659934535368429], [27, 37.127889500341155, 47.99522629422119], [30, 8.15321348301434, 42.30764306743687], [31, 21.259675144643744, 46.00722273250043], [32, 22.17517991553224, 5.559943664376773], [33, 21.665301070399902, 35.50491816678671], [34, 40.496002226877174, 49.898786552716416], [35, 33.52100911721941, 40.9785130104159], [36, 45.09198676307139, 15.765240489910497], [37, 25.55672204789411, 48.48041358930995], [38, 17.22148215154175, 8.803576534547194], [42, 30.322881726444777, 49.463926028415045], [43, 23.23122595764077, 6.549239752457994], [47, 18.949971922780556, 29.305254706136303], [49, 3.2523373696685423, 21.465942471296867]]
Fitness: 908.7786584330624