Chromo: [[0, 8.164665851565696, 43.41818252359062], [1, 38.21919917004618, 43.776778755842955], [2, 12.731079942932723, 38.57954199129028], [3, 44.184987222566946, 40.195306571535404], [4, 3.6435356486257042, 43.505054528497354], [5, 1.3659663349341704, 36.25856072497479], [9, 22.952511247457185, 4.692776281057048], [10, 14.918489525256401, 11.236381961768087], [12, 47.52610881454828, 7.891086039785734], [13, 13.652132478848884, 15.741262780822908], [15, 32.108101982837084, 41.60354075474833], [17, 12.33804324399618, 28.90222160782152], [18, 35.92005060597177, 47.031215249671035], [20, 16.652583214098797, 22.41980468296469], [21, 8.368082239109885, 43.13400381270251], [23, 37.66874866767118, 42.00247436097311], [28, 7.543785933777402, 38.518529341997585], [31, 14.680779205705202, 49.216030555306965], [33, 4.268615207431487, 45.207769730391156], [34, 30.84440598296804, 26.80509114444859], [35, 39.97033210170409, 46.91350745388971], [36, 10.385688598701831, 30.13832999158021], [38, 10.365187205589685, 1.1882913410348364], [39, 6.669707519806401, 36.5920031763404], [40, 18.519858017760637, 33.34656380811037], [41, 19.61953242125668, 48.352539078592514], [43, 34.05225714248851, 33.9610181879544], [44, 24.842988792299582, 23.64098733499508], [47, 14.36943756441943, 48.92858707404628], [48, 28.307494626291017, 30.710161793969313]]
Fitness: 1003.9076026407039