Chromo: [[1, 11.076795928623728, 15.307583218261017], [2, 3.133841091382259, 10.799773149513069], [3, 39.59006382338389, 45.65281483583422], [6, 10.66434676257262, 42.134282646171805], [7, 4.266293650347094, 42.438390241815476], [8, 20.34022077461129, 32.7790666287072], [11, 37.0864281251928, 48.867944581715165], [12, 7.963638120019382, 48.287872811927286], [13, 8.065013890175926, 13.42913509860496], [14, 12.874604687152738, 49.01255237070221], [16, 3.4746545713191956, 5.748184608677242], [17, 15.810542051544164, 46.146121579511565], [18, 33.73723508508192, 49.33945036896347], [19, 41.56620247186977, 48.78197680356613], [20, 27.49606455587982, 44.78387952876716], [21, 17.75505476786575, 26.96604715336471], [22, 11.603119538516154, 29.67847447032059], [23, 10.957398924881218, 21.834670453814507], [26, 41.4562199817892, 47.657254053018654], [27, 22.041792913132532, 48.518465823658325], [28, 31.799364560631265, 35.54083834565589], [30, 30.77792227131364, 37.10591317424175], [32, 15.747002853274784, 48.306419312891435], [40, 8.270685023429504, 16.12927971096298], [41, 5.75059852440179, 34.79804904501607], [43, 15.79754557319517, 6.014403677741746], [44, 7.252026434740161, 38.33847206059893], [45, 36.83346980208084, 24.591578414883205], [46, 8.733048748664082, 22.08758713978338], [47, 37.2224681350465, 44.548395610706564], [48, 15.736964817823736, 33.08005848587972]]
Fitness: 1058.7049354052765