Chromo: [[0, 16.66120230395382, 22.814051842584092], [4, 1.2542018647572486, 20.02967368151745], [5, 42.28743643972474, 34.77500110229544], [6, 4.312506338983765, 1.660298695817445], [7, 1.9438976137925772, 39.29019089822236], [8, 27.351998930913318, 34.20573338043609], [9, 36.867966644258175, 29.303674685882118], [11, 31.576390549320944, 33.13665680093185], [14, 3.3369809152717838, 31.33954910236247], [17, 29.258578749081092, 29.653407936669094], [18, 35.33767886987625, 30.351394358673893], [23, 34.257634716271944, 48.406904393708125], [24, 34.94881478649198, 42.043494231941644], [25, 6.837467405246914, 8.317057756909607], [26, 41.036613267038724, 38.31215623135905], [27, 20.908284069576883, 13.004214805294724], [31, 21.18436675554331, 25.32736800713794], [32, 29.42818652626378, 24.123063567362227], [33, 43.440583501281225, 31.35832668902706], [35, 1.0449992639150791, 39.602182123506616], [37, 34.744977831829544, 33.26363247174402], [38, 49.09210351164603, 41.115169048437195], [39, 22.224153759379785, 48.19505755916518], [43, 5.554247817689362, 34.849887270626866], [44, 21.253963903927687, 49.24690076377799], [45, 3.955746506391293, 29.694220001112306], [47, 25.83291290665466, 16.67655043021067], [48, 23.63663247731579, 33.31657457803202], [49, 6.059701469051872, 14.997776649995926]]
Fitness: 878.4101690647414