Chromo: [[0, 8.164665851565696, 43.41818252359062], [1, 38.21919917004618, 43.776778755842955], [2, 12.731079942932723, 38.57954199129028], [4, 3.6435356486257042, 43.505054528497354], [5, 1.3659663349341704, 36.25856072497479], [7, 34.65421182934893, 41.21270466911873], [11, 8.167354933156076, 4.469830002060276], [13, 13.652132478848884, 15.741262780822908], [15, 32.108101982837084, 41.60354075474833], [17, 12.33804324399618, 28.90222160782152], [18, 35.92005060597177, 47.031215249671035], [20, 16.652583214098797, 22.41980468296469], [21, 8.368082239109885, 43.13400381270251], [23, 37.66874866767118, 42.00247436097311], [26, 26.62245059254952, 23.441207980539385], [28, 7.543785933777402, 38.518529341997585], [29, 28.83713769903192, 39.86500468500569], [31, 14.680779205705202, 49.216030555306965], [33, 4.268615207431487, 45.207769730391156], [34, 30.84440598296804, 26.80509114444859], [35, 39.97033210170409, 46.91350745388971], [36, 10.385688598701831, 30.13832999158021], [37, 34.093598142272, 34.52377300368596], [39, 6.669707519806401, 36.5920031763404], [40, 18.519858017760637, 33.34656380811037], [41, 19.61953242125668, 48.352539078592514], [42, 28.325450279923764, 39.99619836568487], [43, 34.05225714248851, 33.9610181879544], [47, 14.36943756441943, 48.92858707404628], [48, 28.307494626291017, 30.710161793969313], [49, 2.959863701629922, 16.652129349824214]]
Fitness: 1115.2236211664467