Chromo: [[0, 10.322185870667871, 30.72455591548907], [2, 21.51656069888199, 45.82170707667273], [3, 3.0748240034277368, 35.8568809172917], [4, 2.64442362302202, 25.513186062028645], [7, 4.786857100194702, 26.15585459513618], [9, 41.867205702963055, 37.65262535075086], [11, 29.003690447239855, 40.74460067616034], [12, 8.13655950594473, 9.387357554873798], [13, 27.40495379140482, 48.08633722224721], [18, 45.7551599137065, 49.416758983748466], [22, 8.109733266377509, 38.7204477276039], [25, 28.347219731782328, 28.808518475278884], [28, 39.84744165449349, 36.05383306970285], [29, 9.058362262721467, 13.722491681798612], [31, 24.627020701488586, 25.430082334436445], [33, 10.725233051749425, 21.866876911223876], [34, 15.645374922817236, 49.99948791506148], [36, 22.17198109544676, 42.309068175472866], [38, 11.536735946613609, 33.2893688567772], [39, 27.22216791162717, 42.965764356857825], [40, 33.21112284408099, 43.84481915485936], [41, 13.144806608472702, 30.425361363755428], [42, 35.55005271869502, 25.71165425838702], [43, 43.08238801824348, 45.57855446036515], [44, 19.606089476803447, 40.48100636074861], [45, 32.57054113788127, 35.23189276519061], [47, 36.548070068975846, 21.285361668139274], [48, 1.011257450730192, 42.14101882255436], [49, 3.019952593873941, 20.81674174003858]]
Fitness: 988.0422144526514