Chromo: [[1, 17.632600958506295, 39.78584768789893], [3, 22.143792710964043, 48.69272485827466], [5, 11.409980523014882, 25.556840124626437], [6, 32.49626228785586, 29.722805870823187], [7, 3.501128874494086, 44.040214033673415], [8, 11.652534932748111, 13.307306613368507], [11, 37.172663496377304, 38.70396932579812], [13, 16.58850559663698, 29.781662178929924], [16, 6.648912558590512, 46.745863184084875], [18, 6.613422607735123, 41.46385988096593], [19, 42.40186928706312, 36.43227190750251], [20, 16.436267407883406, 18.543565374116717], [21, 13.135409339660018, 21.677648638132744], [24, 14.351885902046936, 43.23663330333367], [25, 21.420437401563976, 28.777711949534222], [26, 43.666826184980664, 31.32845280924998], [27, 14.138972035856455, 49.79944064660732], [29, 17.447685914368858, 12.931137079059372], [30, 25.11431390472642, 48.57514188679721], [31, 48.30440585169502, 32.99271841167653], [33, 31.183607758905286, 43.836736099528785], [34, 11.791423890109806, 38.704005214145766], [35, 33.06356183386046, 39.1404480194652], [36, 33.33191202062829, 36.548193304757184], [38, 39.332433340976564, 17.26503780737301], [39, 36.46262654075597, 24.766314201291852], [45, 7.444863678633885, 40.69949102375621], [46, 38.5150729071135, 49.99767137286301], [48, 39.023552793729415, 43.91591969306681], [49, 13.021937653161029, 14.449605750705752]]
Fitness: 1031.419238251408