Chromo: [[1, 17.632600958506295, 39.78584768789893], [3, 22.143792710964043, 48.69272485827466], [4, 7.504309516530481, 14.896645817946755], [5, 11.409980523014882, 25.556840124626437], [6, 32.49626228785586, 29.722805870823187], [7, 3.501128874494086, 44.040214033673415], [8, 11.652534932748111, 13.307306613368507], [10, 33.43862835975818, 13.327143310156151], [11, 37.172663496377304, 38.70396932579812], [12, 48.82647536682525, 30.47664840895194], [13, 16.58850559663698, 29.781662178929924], [14, 32.07629998947236, 26.741349490407703], [16, 6.648912558590512, 46.745863184084875], [17, 31.48979846891115, 19.836541753411858], [18, 6.613422607735123, 41.46385988096593], [20, 16.436267407883406, 18.543565374116717], [21, 13.135409339660018, 21.677648638132744], [24, 14.351885902046936, 43.23663330333367], [25, 21.420437401563976, 28.777711949534222], [27, 14.138972035856455, 49.79944064660732], [30, 25.11431390472642, 48.57514188679721], [31, 48.30440585169502, 32.99271841167653], [33, 31.183607758905286, 43.836736099528785], [34, 11.791423890109806, 38.704005214145766], [35, 33.06356183386046, 39.1404480194652], [36, 33.33191202062829, 36.548193304757184], [40, 29.08703829834761, 11.378508676281315], [45, 7.444863678633885, 40.69949102375621], [46, 38.5150729071135, 49.99767137286301], [48, 39.023552793729415, 43.91591969306681], [49, 13.021937653161029, 14.449605750705752]]
Fitness: 1025.352861904087