Chromo: [[1, 34.923317038949406, 37.67584223532069], [2, 10.693184255224127, 13.980398863024316], [3, 34.047976463197976, 17.764208551889908], [4, 30.781462429723078, 41.37772892609176], [7, 22.00533247887897, 28.458314892546454], [8, 1.472726596898037, 12.45744298164768], [10, 10.6509632111583, 25.124314486800454], [11, 37.218996126913034, 24.311343357563505], [12, 29.241815611427263, 23.15971421529575], [13, 34.68372055284729, 27.424230813455395], [14, 22.488599403898743, 27.40727442990893], [16, 10.052702597562375, 40.80787345757587], [18, 46.691887007009925, 32.91354391708941], [20, 47.17830466385274, 48.712932845159834], [21, 11.31278984010827, 18.723264223161706], [23, 23.368440377007246, 48.374347691474206], [25, 19.852429534711423, 28.241085633999603], [27, 14.4322336626242, 43.704160470904824], [28, 2.897856972306856, 19.850584009315877], [29, 23.743257447146824, 32.495099289067085], [31, 5.596571096678991, 28.082197538446504], [34, 2.801675782995493, 17.345591839018606], [35, 17.79957185269572, 12.03384110296386], [37, 12.31445433960533, 44.94880909754114], [38, 15.239060233808901, 27.951510343828442], [39, 6.19624391915593, 41.634766341137485], [42, 27.959919788505804, 29.367467704494278], [43, 10.960726056247738, 37.950920162457614], [44, 48.40211020414403, 27.25475305748526], [45, 14.888364597302347, 31.092558768397588]]
Fitness: 890.6261212470639