Chromo: [[0, 43.12806660935419, 26.359441744644094], [1, 34.923317038949406, 37.67584223532069], [3, 34.047976463197976, 17.764208551889908], [4, 30.781462429723078, 41.37772892609176], [8, 1.472726596898037, 12.45744298164768], [10, 10.6509632111583, 25.124314486800454], [11, 37.218996126913034, 24.311343357563505], [12, 29.241815611427263, 23.15971421529575], [13, 34.68372055284729, 27.424230813455395], [14, 22.488599403898743, 27.40727442990893], [16, 10.052702597562375, 40.80787345757587], [17, 18.382673035444228, 19.203264656337872], [20, 47.17830466385274, 48.712932845159834], [21, 11.31278984010827, 18.723264223161706], [23, 23.368440377007246, 48.374347691474206], [25, 19.852429534711423, 28.241085633999603], [26, 42.737132382452764, 26.466507543945482], [27, 14.4322336626242, 43.704160470904824], [28, 2.897856972306856, 19.850584009315877], [29, 23.743257447146824, 32.495099289067085], [31, 5.596571096678991, 28.082197538446504], [34, 2.801675782995493, 17.345591839018606], [37, 12.31445433960533, 44.94880909754114], [38, 15.239060233808901, 27.951510343828442], [39, 6.19624391915593, 41.634766341137485], [42, 27.959919788505804, 29.367467704494278], [43, 10.960726056247738, 37.950920162457614], [45, 14.888364597302347, 31.092558768397588], [47, 23.576945246233556, 16.317036281198455], [48, 24.377914591623043, 14.639979505877774]]
Fitness: 878.9714991459584