Chromo: [[1, 8.530473601324971, 35.2414949633499], [2, 16.130231436007172, 24.08117880733561], [5, 26.199880926063475, 47.01929335445024], [6, 4.2495446228661375, 2.9481543615044234], [7, 38.867213890909, 49.88300141137536], [8, 2.9955323648558156, 3.779364376500244], [9, 24.002155388982175, 38.14699044294695], [12, 15.87926290010019, 40.70211445719863], [14, 28.68794201394943, 28.509275763873383], [17, 2.102842508140152, 47.48475185942668], [18, 35.56216170195171, 34.43272266397951], [19, 33.86825090051424, 17.09611612072293], [21, 46.881797790055174, 33.6243763112228], [22, 34.75901853536923, 49.20541683016602], [28, 4.642332666728846, 22.18684392542891], [30, 10.909835541428503, 47.081684333331516], [31, 15.13984459238664, 31.88675158524596], [32, 3.897627262207355, 32.983428011432515], [35, 39.847273044717674, 33.22093306026994], [38, 46.770306786344584, 42.491415714309795], [39, 3.259033470765093, 48.78671829608446], [41, 12.495875458520896, 17.406111609948482], [42, 43.30985264709899, 47.59165295751645], [43, 38.49597704223755, 35.284438145065764], [44, 29.353895386946018, 26.092810675608142], [45, 16.99950721938289, 40.540365348397636], [46, 40.93737677630036, 37.9018203378167], [47, 3.5751146847729594, 10.509058169388178], [49, 35.724226965882075, 30.54578503583364]]
Fitness: 956.6640689297308