Chromo: [[1, 2.2462667858852563, 10.286451562551115], [3, 11.595835757736534, 24.608757634759975], [4, 19.741343031848704, 15.862537379987772], [5, 22.224558338559383, 19.523449593606326], [6, 20.361821289277977, 11.031009405301633], [7, 2.673611768416022, 3.30216337332002], [10, 16.379878328739792, 49.973990382724786], [12, 29.00731039333145, 29.64507116339026], [14, 32.469133339602905, 40.60807205017667], [15, 9.428100118420105, 15.726525253592062], [17, 35.872124470412956, 24.734970067982704], [20, 9.577344467252262, 20.542275974380715], [21, 12.484522275071264, 29.567910229547305], [23, 4.998064416151186, 14.933699042707575], [24, 7.886653984199381, 47.727777770058886], [25, 44.20828472348556, 32.689227351385654], [26, 6.380403522116409, 42.794997337158044], [28, 10.410952414107932, 24.678510539074033], [30, 41.41423654492789, 19.42541251334761], [31, 9.071591461686975, 43.42807044347734], [34, 9.699656819002662, 28.9376581573754], [35, 31.37228227443501, 44.77020960871003], [36, 35.5312976917376, 40.335366917413374], [37, 26.034481593527584, 29.958563969641467], [38, 13.533619728178687, 44.386169774935034], [39, 29.573020176513698, 49.39943333239271], [43, 29.700126168191808, 43.779526766626525], [44, 18.22336547657165, 48.983977061333846], [45, 15.433015645048501, 33.94777632271268], [46, 16.05523896694183, 12.036171367672855], [47, 9.436506286947328, 12.170849200968], [49, 44.998662595734594, 46.41843599719932]]
Fitness: 956.2150175455117