Chromo: [[0, 2.76754686519501, 38.249459302792054], [2, 25.529221224786898, 19.298077334330618], [3, 4.744800410536902, 21.412233847766508], [5, 36.23506737452063, 32.01069439051325], [6, 8.270168220210461, 33.40342967495323], [9, 1.2720561728605344, 14.611871830122201], [10, 31.189434966595492, 29.289736490926902], [11, 15.409889982376122, 15.850681222230252], [12, 29.072051114764783, 26.50611767825292], [14, 42.098420459829065, 44.8874490412147], [15, 17.64265022271446, 34.75801856043466], [16, 31.570589511976817, 40.847680430562676], [17, 11.81520356405235, 33.37893198895791], [18, 27.95285383460262, 37.76409040462035], [19, 36.061298471314565, 41.184186143623], [22, 20.584157810163223, 25.84731690316771], [25, 11.149170700728488, 10.569411653222764], [26, 33.84390123212008, 27.663333909858714], [27, 43.765616519123604, 27.079773301619063], [29, 28.816541423104933, 41.075505166102495], [30, 30.358538600970185, 25.916422894075332], [31, 1.1615568644869567, 40.4974176590077], [32, 46.30568847282641, 49.84726591823626], [35, 13.724097080051184, 37.50790286982519], [39, 1.9329486004319716, 39.10264291108764], [41, 30.325577396873086, 32.322381162163275], [42, 8.047401228646468, 28.843095756433325], [43, 5.927112395350933, 39.64760867825558], [47, 17.186364718613973, 20.82259030135818], [48, 28.3793358640443, 44.94219693850544], [49, 23.542677682993254, 34.829975659898125]]
Fitness: 989.9675000241181