Chromo: [[0, 18.18146711579939, 37.22059183883247], [1, 29.542010545527326, 47.241542137791114], [2, 13.45389236352498, 22.050872518323157], [5, 10.371548956494426, 30.809411471617295], [7, 42.78220299105385, 43.42333863741726], [10, 12.569284854612407, 23.596915561608366], [11, 9.02174554027616, 36.4282438989335], [12, 37.48496626775668, 47.996495005674646], [17, 1.7718013716495031, 20.206107002273725], [18, 19.859226795271965, 47.22636904933665], [19, 24.022291480678394, 49.688528242621636], [20, 25.11705352888395, 31.8146818821861], [21, 6.429583206368086, 43.934059699956684], [22, 12.158312208677874, 47.24232586501258], [25, 18.546420559861815, 15.685318840918704], [27, 20.900518307344058, 25.432839124244868], [28, 13.76963977031338, 10.698443180760366], [29, 14.200387759066144, 31.118884073907797], [30, 40.15713506326446, 29.904457203256904], [31, 4.110237222946813, 4.83019017180434], [32, 45.30080375985027, 36.00076370403524], [33, 8.216788308783498, 27.25744354083512], [34, 30.363090847623084, 26.737256548415477], [35, 19.463400132868948, 38.62272984463603], [36, 35.736579489660684, 39.98747132185029], [37, 4.176744108801676, 37.330160526254275], [38, 15.190960240009662, 38.593877664369394], [39, 23.809128370062066, 26.093108838373805], [42, 11.136053791848276, 27.597874509462407], [43, 20.73049469788439, 39.807659848701995], [49, 26.463596310007443, 42.51690776653139]]
Fitness: 1027.0948695199438