Chromo: [[1, 5.542870826276706, 2.9993143835877563], [4, 5.499021486802111, 7.770841722529295], [5, 8.482173777073772, 8.622015161266248], [7, 2.5741211959235057, 7.367038729783714], [8, 1.0598131307095588, 2.7084740929322564], [9, 3.7888641952761697, 9.82814591897896]]
Fitness: 39.29583000907823