Chromo: [[0, 36.5076687242565, 48.009140651386005], [2, 36.49002207367278, 47.29327952943414], [3, 11.073972142404136, 31.47031855852559], [5, 15.389205418484515, 23.245522811327607], [6, 12.370771493657223, 16.453823660279767], [7, 12.023373099761292, 27.798321054627994], [9, 20.168492669709426, 20.339703615847757], [13, 36.03941123626033, 33.43320745596618], [14, 2.990683169204398, 32.530642993205504], [15, 7.458543358140297, 42.668332329689115], [17, 16.955925466943352, 36.51311200001729], [18, 34.64950782253139, 21.652967458815287], [21, 6.89986846926147, 37.09566300626485], [22, 9.904413627771595, 37.3924062874607], [23, 6.597680429620757, 47.602819419774534], [25, 13.806718870810585, 20.736582539014933], [26, 26.645353263086665, 43.849891233568336], [27, 19.034773782494323, 20.476682630335226], [28, 47.55414497592385, 25.927280413903926], [29, 39.649148041276725, 28.979617713571404], [30, 2.821672341505608, 39.76503001589164], [34, 24.571994727680337, 21.684807579913358], [36, 16.870420825202295, 25.22106671128322], [38, 24.215693317715743, 35.102356570887515], [39, 25.887442530350192, 42.244317352054466], [40, 10.067947030505072, 44.092124017108375], [44, 22.737007502242136, 33.31114524332777], [45, 2.931713862123324, 35.594686505108754], [47, 12.922580039160238, 21.581427276613027], [48, 13.021334234819426, 24.306381529430354], [49, 14.881229956949904, 20.994960580680313]]
Fitness: 987.3676187453149