Chromo: [[3, 38.801018950891546, 32.61793476155002], [4, 26.02632606103086, 37.18021639673953], [10, 3.0243403119366987, 27.16196423100408], [11, 18.528585407005703, 33.25833303882785], [12, 2.7435745028345284, 12.67026357638482], [13, 6.8058872560514665, 43.361693921703235], [15, 20.065845328824537, 20.486022811801238], [17, 36.069873789048636, 19.992566750776955], [18, 33.93543546374519, 26.60091961151079], [19, 13.024426992033652, 6.917955006089998], [20, 3.6667233655133344, 6.541017828289036], [25, 25.597415524295872, 47.45856936074224], [26, 45.05307701995639, 32.52775016052008], [28, 10.389858123581512, 41.53571054376182], [29, 41.22701886048454, 27.98307718871325], [30, 32.00989728413154, 38.980465123956606], [31, 21.392694888160324, 40.138542984251316], [33, 5.7355080791003985, 38.82278949180011], [34, 3.9444907086582637, 30.37264204884197], [36, 12.589532438418429, 17.974150413271563], [38, 39.24970206061383, 22.658819102927634], [39, 24.037477313585285, 43.07305315057354], [40, 19.796425017489494, 25.37634240004018], [42, 3.1877229717189532, 10.63232842268735], [43, 29.634289355309697, 16.18364558252665], [44, 20.225730575468464, 25.08404527780513], [46, 49.02899846998851, 44.3812223381111], [47, 35.73530460138491, 48.25274607089553], [48, 16.72377779351585, 26.914725365776548]]
Fitness: 845.1395129618801