Chromo: [[1, 44.101631714460325, 40.26899839689984], [2, 2.8279099466806423, 18.353048892497917], [4, 40.83526526187375, 39.19443522623017], [6, 45.89214287955396, 46.04560815338927], [8, 20.249871007727872, 30.894861834065075], [10, 6.491682487681776, 37.52815597658362], [13, 3.2726256804257408, 16.434156723375022], [15, 39.11862945735234, 48.966138247735145], [16, 12.776209474106539, 30.997875561300074], [17, 10.161966785494256, 16.776539585085363], [18, 29.300616438519477, 24.33483513393013], [19, 39.902456775645824, 32.60118015063067], [20, 1.2935124941997898, 46.31474021592215], [23, 25.395644820279433, 47.20286613258224], [25, 13.653446491570827, 26.197526584441125], [29, 21.40360780514932, 27.477566484081535], [30, 42.61775535478351, 49.38533270050081], [31, 26.401645308625913, 31.331350660439835], [32, 11.77629129838521, 47.58879804067241], [33, 16.611579871674657, 47.867289504716524], [34, 19.79582311584258, 37.996783317997725], [37, 3.172816700165583, 19.932746603924176], [38, 20.290811063971532, 20.9475714541284], [42, 44.06277819393299, 45.37957680703122], [43, 16.317740698457584, 6.993015482799921], [45, 36.90503233433619, 41.649619332693625], [48, 10.625283218530122, 37.067628747450414], [49, 18.35692335179775, 20.09245436743962]]
Fitness: 935.8207003185439