Chromo: [[0, 28.045713401348365, 44.254198445975945], [1, 46.93698319105328, 43.661099108186654], [2, 47.78158676482968, 41.004038024935966], [3, 9.290141962376811, 38.35849120213524], [4, 33.29479855432878, 46.233028414740566], [5, 28.97436662917151, 25.24299510975545], [6, 14.812990256295759, 25.29134207106938], [7, 30.753736310490325, 33.782956531603006], [9, 44.0221747888071, 46.26954885671909], [12, 31.384844606391567, 26.736445689996902], [13, 36.639282723559475, 41.84274474971398], [17, 1.300312057633709, 8.985595976671553], [20, 1.4706322801398166, 2.076322500502416], [21, 13.542114815820332, 14.29375275287656], [23, 5.26276640720519, 49.7044555701551], [25, 31.348144378681642, 38.55340028104222], [26, 2.0502387990233997, 17.513500319594208], [27, 19.201917322269214, 12.409475946362436], [28, 14.847608648890551, 32.526184756058925], [32, 26.72256812207751, 13.209090887935748], [33, 2.738321645692001, 23.512861410178818], [35, 9.804379312766372, 36.10218433765016], [38, 9.14661171347791, 44.68158698455797], [39, 1.2425157680041328, 11.637537161297853], [41, 29.091581269095443, 26.910382732304836], [44, 31.901159794140657, 24.460585179444326], [45, 49.27580477691191, 42.99779257891983], [46, 15.912924122542664, 44.48750923656473], [49, 8.426262370079359, 12.272826223015795]]
Fitness: 869.0119330399659