Chromo: [[1, 26.39217502985432, 48.2130393617941], [5, 16.154917249012534, 33.398955306922005], [6, 49.90672134568686, 42.43715760194416], [9, 2.789005549297858, 4.747846342046064], [10, 10.951123341731027, 40.306789892620365], [12, 44.01002969660327, 40.32864103893057], [14, 17.070758531557598, 37.53825326913214], [17, 11.39756616241403, 6.578311042628292], [18, 2.9178971659395447, 40.34889031962895], [19, 23.427542144667765, 46.81650035290559], [20, 6.132424282123432, 10.774493451346938], [21, 4.951116453356887, 14.596402016650574], [22, 10.68239071628546, 26.96732344992602], [24, 2.8050540193824904, 47.468063342341964], [27, 8.83608002736863, 15.806216950050434], [28, 27.813352073425207, 32.37551257931578], [33, 18.812297129609433, 19.27140349473025], [34, 19.40043478576172, 29.661256572994162], [35, 27.501070269802646, 47.16213990440344], [36, 19.221061507194108, 44.58063601078581], [37, 24.39135491881865, 40.60032565656207], [39, 26.525556069109538, 29.384571516818728], [40, 8.679008238530908, 43.63936357170665], [41, 14.722752572290421, 32.196010501860826], [42, 16.216397668027206, 49.19949630091082], [43, 49.281971466894845, 48.77079683026048], [44, 33.60069183889368, 47.23844105874083], [45, 10.26019635214932, 26.82881600829517], [47, 13.211639311845424, 27.5215981972915], [48, 22.73862622145063, 47.75229127870104], [49, 23.242695000962158, 40.446904952077645]]
Fitness: 1062.9564481743234