Chromo: [[1, 20.58389473376206, 33.09172344268488], [2, 2.174227854615361, 34.47867147996202], [3, 35.47512549296709, 32.14077830132515], [4, 36.993257149089764, 32.76610337055561], [5, 2.05306871354837, 46.821419458224035], [9, 18.32653900181667, 29.974455111852194], [11, 18.186046552254567, 43.70518148366393], [12, 4.924987516395961, 17.76859076107653], [13, 24.165500015888774, 35.63602132027401], [14, 33.283574886009, 26.80745217354325], [15, 23.345759235532935, 28.85540092254906], [16, 3.6052951417118275, 1.6794650766560695], [17, 17.264652301323125, 14.66831692817633], [18, 25.440537887800005, 44.163851514911855], [19, 35.375544673184166, 48.44934125339656], [21, 44.78752374793809, 46.34871330127712], [24, 31.161756851130356, 10.29672551933181], [26, 47.329879884639965, 35.44202707744403], [28, 5.15865083898021, 27.98628398970443], [29, 10.66314945505477, 31.950834539579493], [30, 9.548606451329814, 29.110783893120825], [32, 31.539923060904105, 41.49490435054825], [33, 25.950207973616727, 45.86529654308712], [35, 24.568424632004614, 31.733254248799053], [37, 11.903542715928882, 16.372141473003538], [38, 2.168798063405648, 39.65123119653777], [42, 49.31695591823857, 42.06957487723215], [43, 24.972710042700864, 7.181811271198589], [44, 46.6375756691216, 20.716467803153858], [45, 13.712242705848912, 36.1759545799748]]
Fitness: 933.4027772628444