Chromo: [[1, 37.51621622692682, 8.625436049126918], [2, 27.303028720089628, 47.79195913745067], [7, 14.371744342195612, 42.27164409077424], [8, 10.209124859005481, 44.393783512185095], [9, 32.04585528653743, 1.4772307477524074], [11, 24.355475029287735, 33.86611853681942], [12, 16.921050146448998, 30.373486055710096], [13, 48.718468495126444, 40.70822483584532], [14, 24.832317300122888, 27.858127557063593], [17, 33.009888000981995, 42.97950185605652], [20, 9.747851718538048, 18.125218907004374], [21, 38.52107962505337, 33.57036848915578], [23, 49.81739408751207, 41.25167015233534], [24, 12.70855903168394, 28.582581297416713], [25, 33.230335679109274, 48.23632016865613], [26, 26.028778419167345, 12.919549225731242], [27, 25.43084888059243, 49.23507706408703], [28, 5.142842184163539, 22.397155357586765], [29, 17.673891834473142, 11.422670069907738], [31, 29.926010955544367, 44.7883208607299], [35, 18.58258848424223, 7.755514168099826], [37, 37.85309755515213, 36.51385463148185], [38, 9.19653120332113, 23.285406344846255], [39, 40.086186951985376, 31.678699000644844], [40, 6.652047702068453, 32.8804611797235], [42, 40.65592103176687, 19.38703171139943], [44, 17.298975721931413, 27.406742208112366], [45, 33.17885275046071, 48.9550006314496], [48, 42.54550166416222, 6.749183899432779]]
Fitness: 865.4863377465857