Chromo: [[0, 46.21226597104488, 45.82107627086759], [2, 27.303028720089628, 47.79195913745067], [4, 44.9046254422739, 19.68399654834787], [5, 45.02418207425935, 23.22841931022024], [6, 25.242120471698634, 3.559807638366227], [7, 14.371744342195612, 42.27164409077424], [8, 10.209124859005481, 44.393783512185095], [11, 24.355475029287735, 33.86611853681942], [12, 16.921050146448998, 30.373486055710096], [14, 24.832317300122888, 27.858127557063593], [17, 33.009888000981995, 42.97950185605652], [18, 24.387214198013183, 31.621423863543715], [20, 9.747851718538048, 18.125218907004374], [22, 36.10367347749136, 11.779272316825892], [24, 12.70855903168394, 28.582581297416713], [25, 33.230335679109274, 48.23632016865613], [26, 26.028778419167345, 12.919549225731242], [27, 25.43084888059243, 49.23507706408703], [28, 5.142842184163539, 22.397155357586765], [31, 29.926010955544367, 44.7883208607299], [32, 49.85414764678289, 35.63564814539994], [38, 9.19653120332113, 23.285406344846255], [39, 40.086186951985376, 31.678699000644844], [40, 6.652047702068453, 32.8804611797235], [43, 45.065510849016185, 8.654244668173403], [44, 17.298975721931413, 27.406742208112366], [45, 33.17885275046071, 48.9550006314496], [46, 47.39876560348457, 35.638327351525696]]
Fitness: 873.647369105319