Chromo: [[1, 4.4373838896314695, 9.721633827045236], [4, 2.955719421081981, 8.73654272843625], [5, 5.879335337850103, 7.941971219282255], [6, 2.962766096358661, 8.939943290387511], [7, 7.47305896604453, 8.89482543232607], [8, 2.740557071015217, 9.27580343325405]]
Fitness: 53.510719930731376