Chromo: [[0, 25.903658173546688, 47.11437945650898], [1, 35.886303230550894, 40.11719172419835], [2, 12.882040041026634, 20.708528371942222], [3, 28.869205490963637, 41.67834086146668], [4, 44.75058924275759, 45.447168858957966], [5, 44.40569208989885, 36.794410008640405], [6, 31.214523218760643, 29.922096999780543], [7, 27.028057329029497, 21.43467296830743], [8, 17.276496448651677, 26.85472731837678], [10, 25.4058773710337, 22.702380217762713], [11, 15.421936312039051, 41.426923867972924], [12, 19.75336467297866, 23.014583531653024], [13, 3.5599047083275805, 33.41695704336441], [14, 10.158333788413119, 36.35675650188424], [17, 47.912366210969644, 33.0116611930986], [19, 7.457301875503839, 40.592367889545756], [21, 17.187224637590862, 41.46390274986611], [22, 5.467002708518394, 31.996494603993273], [23, 14.51081834828457, 12.5283869059932], [24, 1.114253492784347, 38.24138130986693], [27, 8.855337273068944, 48.042114125056145], [30, 26.56251603326347, 5.199919097086369], [31, 9.767228626053196, 8.816142177771606], [34, 21.291357459947907, 10.579247052025808], [37, 13.551712933572025, 45.138416425901845], [40, 33.22921984628936, 27.984701536699724], [41, 16.83879598053163, 45.65120033374987], [42, 24.8584930539125, 30.698512110209148], [43, 12.276776335649087, 44.68497454915487], [45, 1.7642334088844476, 45.00528231871158], [49, 5.011598840865647, 48.99100977562918]]
Fitness: 1025.6148318851765