Chromo: [[0, 39.55156080294566, 46.53159272524762], [1, 8.282548836543263, 1.4342199026256162], [2, 5.109379537513732, 14.273352908161124], [4, 3.0797392141519335, 38.116143264895115], [6, 18.38337510701409, 41.36014214302077], [7, 9.173673170075135, 8.848414324869289], [10, 31.718666976726755, 44.21414378879015], [11, 23.36965040059256, 36.705926605667344], [12, 10.61286543756604, 18.859767698943514], [14, 5.310074371940827, 17.56469650887379], [17, 25.593843725953796, 47.74626267189139], [18, 38.43831474429242, 49.70542592292684], [20, 32.68704335663726, 27.44542935819396], [21, 8.502848739693686, 6.852615974271595], [22, 2.0029385441554934, 33.49326398589197], [23, 1.0048963422838821, 6.618535482196107], [26, 15.387818773547792, 21.750776750558387], [28, 11.0991066452944, 48.17134603877138], [29, 23.606855241438527, 20.773579433979545], [30, 18.049913402934006, 39.85574743562288], [32, 4.094180721323779, 10.672881292797562], [35, 22.88369139252888, 48.529019833441374], [36, 42.13254499464602, 44.958623651539796], [37, 36.089018839712644, 43.88665173216684], [38, 25.995013053636406, 43.82684046822997], [39, 38.24311419357584, 36.434846643209504], [43, 19.245589548905784, 36.010953008028906], [44, 15.175942805049313, 27.838991544716883], [46, 26.179113775707915, 48.46084626475813], [47, 2.9973592498758537, 9.65579230050884], [48, 24.955030316727573, 25.0705233053068]]
Fitness: 945.6673529701031