Chromo: [[0, 21.577991676349125, 39.39152103240888], [3, 14.067496251964842, 26.289189366351003], [4, 41.36378535027725, 27.961701027995332], [5, 43.44867262757621, 42.56153045006603], [7, 42.581595787398335, 44.685586754824904], [11, 18.539862282291626, 26.32055111593201], [12, 6.834756642119534, 12.936629265951291], [13, 39.44522210197891, 28.12258820665707], [15, 18.3293187267624, 16.842619127991984], [16, 17.137912795513866, 44.50203599041558], [18, 1.912877194123971, 7.879901868295732], [20, 26.402406486710554, 26.002886258774357], [21, 7.969083323475198, 29.521299489439883], [22, 48.449027282583195, 40.228891471846595], [23, 6.198136887977024, 21.31776227309454], [25, 28.146664619949988, 21.463975068997634], [26, 8.19855241937379, 9.557717563433403], [27, 22.811942298885477, 34.975181824653504], [29, 16.200472588127383, 18.168326065638798], [30, 14.426271048360617, 16.140837083807867], [32, 7.621457045510532, 9.021087248357345], [33, 2.846679803939033, 36.860411143761425], [34, 7.610000566058096, 26.525590374547033], [35, 24.47993520176982, 20.283169234734274], [36, 20.562345478593656, 49.50003684377058], [39, 18.957587800184545, 23.210857850348038], [41, 11.139001158137471, 35.48504874375464], [42, 37.91339546592279, 44.64098152717085], [44, 35.964747921770424, 47.76043467901321], [45, 3.3544598746651073, 27.692051434747004], [49, 48.24644275454985, 44.121566930266724]]
Fitness: 899.9719673170476