Chromo: [[1, 1.4454698948805378, 49.718829786634494], [2, 7.36469683819307, 46.215942185015706], [3, 3.3467924377737313, 30.219184494452506], [4, 46.23788445558269, 37.53053345169561], [5, 21.3600957782587, 19.57147393478231], [7, 18.973604070081574, 7.734422378892606], [8, 24.811195661792524, 46.316619858458424], [9, 2.5256145636393303, 44.519170090453734], [10, 3.2598652348846127, 21.786578820126994], [11, 8.696399382730005, 29.94355668813824], [12, 13.390531418232294, 44.6900924182338], [13, 10.616527341084915, 37.83186824140567], [16, 43.74813802085959, 49.02629439891457], [19, 46.93215608836438, 27.67034179090675], [20, 6.71493430294845, 26.902872466875774], [21, 41.4151417617948, 47.45729484911804], [24, 46.335037921367494, 47.69369903415384], [25, 17.223134200597055, 25.988839459079106], [26, 7.818886825183578, 37.228776231057836], [27, 18.9671056281598, 33.00174820445954], [32, 39.79569766323525, 42.33064460563167], [34, 7.782207023052778, 4.234592557050587], [35, 32.19840717133134, 33.21935651048437], [36, 25.669536238721186, 26.228194911584502], [38, 42.409037250780564, 33.7067389173773], [40, 2.3513299507340584, 3.4029001369560614], [42, 6.190206864319564, 45.193213167048945], [44, 45.039942177096364, 29.435403137447828], [45, 6.5435349309832676, 30.371971298119718], [47, 36.41453335268612, 39.631517925867726], [48, 20.37247952256943, 16.715215689284918], [49, 5.731506129691148, 19.91764889930198]]
Fitness: 1035.435536539011