Chromo: [[0, 14.705981824457986, 35.20832582968675], [2, 12.870295194733773, 25.030500651443504], [4, 2.549176676904975, 32.75489049734915], [6, 9.252243451852644, 26.3613437751568], [8, 19.110121794491096, 39.40569274579019], [11, 47.82840030224055, 31.031640514039978], [12, 44.93451914589332, 37.788743462031874], [13, 27.941437829431518, 27.833953616488255], [14, 28.311931380981246, 34.554033861725024], [15, 37.818608344722364, 49.547274680856056], [18, 25.848636776205087, 43.07028277621608], [19, 40.752821797731045, 28.435682568938184], [20, 4.32544547358491, 12.528084124887847], [21, 25.93851992868879, 49.21473367499504], [22, 17.25034956669152, 41.996850656503305], [23, 12.60910209108538, 30.280703800707812], [24, 16.80028821619386, 37.52625213575527], [25, 2.1751135009595117, 8.979342937720649], [26, 16.424075576767464, 3.4688007813341044], [27, 5.784731878661448, 12.941292972697246], [35, 46.68259095689899, 34.003190745453885], [36, 5.407833354036686, 21.944241576334882], [37, 4.798442389412689, 33.267357422339174], [38, 25.195903695958055, 43.20401941576426], [39, 16.827925094740692, 36.249775637099596], [40, 14.203863133597986, 13.930943292978075], [41, 10.754693418392849, 7.135363035079393], [46, 24.760499524724167, 34.359377314339575], [48, 7.835298377568622, 27.887488272757977], [49, 43.45378878039782, 34.385088540984576]]
Fitness: 894.3252713174546