Chromo: [[0, 7.42161130843867, 33.582074697759296], [1, 46.627192940399354, 45.7339263527182], [3, 26.57190834281499, 44.11923938464567], [4, 8.78890713862376, 9.026249078870883], [8, 24.15921824019423, 32.20511100057897], [10, 29.855706784893876, 36.41766898593592], [11, 1.7379990383823105, 7.907596215092421], [12, 49.3276305126792, 23.558176529329145], [13, 28.67922670840992, 20.817215929112493], [16, 26.530061493248898, 20.86448411387503], [18, 3.7731950892086408, 12.310346095001634], [20, 42.637907685320506, 29.77092138656451], [22, 39.833896714391, 31.17807601766373], [23, 24.36958892491606, 18.064975794218704], [24, 28.170501344122712, 25.120955226348684], [25, 36.727299758768, 48.5733116196868], [26, 48.48241576181061, 47.4312043612733], [29, 2.2744097379056365, 20.610027986928408], [30, 4.268873305213738, 11.451846267404967], [31, 7.1242441521786715, 30.324481288850595], [34, 31.524294007343766, 30.20144234050358], [37, 32.47794006501736, 41.25584432228887], [40, 47.68521784419066, 40.07604423362977], [41, 7.71234973694354, 29.784855053283778], [44, 3.744186754025317, 14.00543825253491], [45, 30.00118766779583, 35.900568378186684], [47, 10.917031039733159, 30.656702601151007], [48, 31.54505276526153, 12.64704010456983], [49, 30.528571017546508, 39.29291723981736]]
Fitness: 822.8887408578252