Chromo: [[3, 15.313655644265395, 27.643248593295567], [5, 24.320185337373978, 14.523143558591025], [6, 19.575433481834615, 34.83119112968761], [7, 11.284755800339378, 8.559551707886529], [8, 7.731031071121757, 30.181774582445577], [9, 43.59759378339283, 48.652918430029345], [12, 25.400643243575544, 42.66184727726963], [13, 15.2932068362562, 22.523309040615906], [14, 12.677983738819597, 22.82604919707743], [15, 21.31501077444336, 49.913238505051176], [18, 25.976177058582866, 33.88874418003961], [22, 21.537438245352416, 25.56668203516352], [23, 1.0349640439376109, 26.27286500307237], [24, 25.800269438874224, 41.44486968988874], [25, 39.84614133907521, 39.99505122929806], [26, 10.021825896793796, 32.93371782274893], [27, 23.076011596664195, 8.442752843587531], [30, 21.685086351900303, 45.13975827977319], [32, 48.42473418381528, 45.301219641162824], [33, 1.5759671039545942, 10.696767570468475], [34, 6.02080223081939, 27.548421962924753], [35, 33.76405425703669, 29.036184240766392], [36, 39.14736861977857, 46.03487755472465], [37, 13.57821914140321, 7.20739373699525], [39, 4.08940475069083, 48.95253723761621], [40, 9.686710646437234, 33.7411095617966], [43, 2.067190158809626, 22.62952093432495], [46, 15.67519877144091, 40.20281455570267], [47, 20.54404956680748, 31.639001134034388], [49, 8.18664933329158, 36.128892053004]]
Fitness: 935.1194532890431