Chromo: [[0, 23.34986279987145, 49.462341753957475], [2, 22.284399344708646, 48.32933372818699], [3, 25.530707848794222, 35.706463722758535], [4, 40.75661472111102, 39.148537835686284], [6, 35.89656364413653, 44.83601804540496], [10, 31.826388030418368, 23.140761444727353], [11, 44.69945869865439, 21.477630380540933], [12, 49.45207356083719, 44.289138481264786], [13, 1.8214926319598264, 16.668594673795255], [20, 21.583216563454826, 43.67595933087085], [23, 5.231590296202765, 11.539687906112434], [25, 16.246483672164494, 27.696543852982952], [26, 31.39176380760028, 44.26792868329478], [27, 7.381413082327189, 26.229771586177073], [28, 45.160056434973775, 35.48622895899161], [29, 26.89707272117338, 39.652026672478016], [30, 3.491222627143262, 39.0942407593151], [32, 42.00725242591539, 46.34818350691568], [33, 1.6837697314646167, 25.253251741486142], [34, 3.247746163646174, 45.67055039603269], [35, 38.24707737675302, 6.058958493844604], [36, 13.545720416686637, 21.87098074891319], [37, 23.58763565877445, 21.632713398303363], [38, 11.658228914720349, 18.794614255194922], [39, 2.686410685455586, 15.779267918953567], [40, 21.884282886473585, 14.143617731012853], [45, 46.024227936290636, 14.648997507392767], [47, 27.06293598157405, 23.841111500628656]]
Fitness: 844.7434550152237