Chromo: [[0, 23.34986279987145, 49.462341753957475], [2, 22.284399344708646, 48.32933372818699], [5, 28.13001338514462, 21.109817004654982], [7, 7.0339625955718255, 24.03222398277332], [8, 40.92322834547246, 23.57788909729215], [9, 19.889189987566034, 25.77072007386738], [10, 31.826388030418368, 23.140761444727353], [11, 44.69945869865439, 21.477630380540933], [13, 1.8214926319598264, 16.668594673795255], [17, 9.318774024341243, 26.347375907708248], [19, 30.915119392107524, 29.88782223889592], [20, 21.583216563454826, 43.67595933087085], [23, 5.231590296202765, 11.539687906112434], [24, 48.0457452720023, 24.11313292336532], [25, 16.246483672164494, 27.696543852982952], [26, 31.39176380760028, 44.26792868329478], [27, 7.381413082327189, 26.229771586177073], [28, 45.160056434973775, 35.48622895899161], [29, 26.89707272117338, 39.652026672478016], [30, 3.491222627143262, 39.0942407593151], [31, 37.12015750441806, 49.54013875035071], [32, 42.00725242591539, 46.34818350691568], [33, 1.6837697314646167, 25.253251741486142], [34, 3.247746163646174, 45.67055039603269], [36, 13.545720416686637, 21.87098074891319], [38, 11.658228914720349, 18.794614255194922], [39, 2.686410685455586, 15.779267918953567], [42, 46.57348884881265, 13.351480453306507], [45, 46.024227936290636, 14.648997507392767]]
Fitness: 852.8174962385342