Chromo: [[0, 23.34986279987145, 49.462341753957475], [2, 22.284399344708646, 48.32933372818699], [3, 25.530707848794222, 35.706463722758535], [4, 40.75661472111102, 39.148537835686284], [6, 35.89656364413653, 44.83601804540496], [7, 7.0339625955718255, 24.03222398277332], [9, 19.889189987566034, 25.77072007386738], [12, 49.45207356083719, 44.289138481264786], [13, 1.8214926319598264, 16.668594673795255], [14, 48.405340717292354, 27.694926422433326], [17, 9.318774024341243, 26.347375907708248], [18, 46.161289417633306, 37.658588070843194], [19, 30.915119392107524, 29.88782223889592], [20, 21.583216563454826, 43.67595933087085], [21, 35.42319341723387, 23.81475271442059], [22, 26.33531292346732, 19.60516221971356], [23, 5.231590296202765, 11.539687906112434], [26, 31.39176380760028, 44.26792868329478], [29, 26.89707272117338, 39.652026672478016], [30, 3.491222627143262, 39.0942407593151], [31, 37.12015750441806, 49.54013875035071], [32, 42.00725242591539, 46.34818350691568], [33, 1.6837697314646167, 25.253251741486142], [34, 3.247746163646174, 45.67055039603269], [37, 23.58763565877445, 21.632713398303363], [38, 11.658228914720349, 18.794614255194922], [47, 27.06293598157405, 23.841111500628656], [48, 21.545500315720563, 2.1332098925259366]]
Fitness: 904.6956166652192