Chromo: [[0, 5.105076840792715, 6.661989638240108], [2, 4.909379471477099, 9.899360449949688], [4, 8.302235356938759, 9.707103397053698], [7, 2.108278844084621, 2.5279380861034935], [8, 8.332837859372493, 9.29493070936122]]
Fitness: 38.09132228070821