Chromo: [[0, 17.8370199247323, 41.57923819621668], [2, 3.968653178437196, 16.462842630941253], [3, 26.22142131683863, 38.95626477222359], [5, 12.432646536911294, 28.737922322929457], [7, 23.690689404626774, 28.3370675607145], [8, 8.821364567590969, 27.615864919200277], [10, 7.149823779080249, 27.50779164091622], [11, 5.999038588634068, 31.6443613681979], [12, 21.30084038913579, 32.26544357023978], [13, 19.34075827906003, 17.39813194856265], [16, 4.531201285534539, 16.404926372896], [17, 16.76042720421983, 44.3974930484527], [19, 49.58085463623058, 45.13967429156731], [20, 5.948626034185671, 25.441818019105682], [23, 4.235570822796217, 49.6393616323485], [24, 6.788020206488327, 40.28363869535707], [25, 4.314272670387737, 10.48219199690531], [27, 12.243770935178132, 14.004686033262303], [28, 19.093577967614205, 20.084315973959686], [29, 9.853054455215496, 39.815335123040015], [32, 1.40639830633347, 34.14377704321035], [33, 5.472492875204171, 2.090853678249147], [36, 8.89570005922381, 13.4388196942414], [37, 13.431409466297737, 21.7682807919249], [39, 25.92597795210762, 43.99867069403145], [40, 32.8227680919927, 44.20815212106853], [41, 13.6884566662691, 23.300515126861402], [42, 38.762712606915805, 32.74887224879153], [43, 17.89559189849979, 25.75452028282779], [44, 20.32730144913604, 25.96244743163149], [45, 19.748765167476943, 35.64696544296421], [46, 18.59932250461772, 38.887212419780184], [47, 33.51478282029917, 39.68762773864108]]
Fitness: 977.8350848312602