Chromo: [[0, 4.0739544134389, 14.724459918516537], [2, 20.4168593932515, 28.80104682228795], [4, 6.006570186853506, 41.817170041935555], [5, 28.93078667186355, 35.40370801832017], [7, 2.2080041869672353, 39.228274376624825], [8, 25.349619048579658, 25.54158315892525], [12, 19.860867029715575, 29.535892526198666], [13, 8.02891623783399, 31.388706262654964], [15, 49.91581496897229, 48.83195565254656], [16, 41.191330764442824, 45.29671445482329], [17, 27.029698359879752, 37.968649301530036], [18, 33.34072854567877, 47.531649690720705], [19, 3.1716036951512647, 33.6400467552558], [20, 6.409761051322988, 3.985814191708684], [22, 49.62002368057963, 46.284973415862396], [24, 34.03500091248961, 48.416838051655056], [26, 4.7623035154709985, 42.948323929716494], [27, 7.008744458382745, 23.428209046305692], [28, 20.095653557168763, 46.33269911398193], [29, 18.44705863064284, 47.94446290924251], [30, 1.905957620856673, 28.78469882282179], [31, 11.038617143491726, 45.941722641451065], [33, 31.300111813747836, 44.84925301323614], [37, 36.059126580925266, 42.903152570664616], [39, 19.295849862890076, 38.100274121004254], [42, 11.485263531936534, 41.6507462021577], [43, 27.519540898279246, 49.593933342406125], [46, 9.237436033392166, 48.38782562693893], [47, 17.282945019578616, 14.768357923041192], [49, 14.40139740757449, 39.00938426428061]]
Fitness: 1113.0405261668157