Chromo: [[2, 17.076624261072016, 18.607368306026423], [6, 35.80074424403469, 37.87385902541712], [7, 10.35333158073722, 27.203243022268428], [8, 19.345886860232504, 26.36050986055238], [9, 12.24505327910302, 37.97147359058419], [11, 21.88186224231288, 40.182977718780094], [12, 17.98195666944719, 48.885555937172974], [13, 35.2988602034524, 37.643480217104845], [16, 5.17823932438909, 19.478846628041016], [17, 8.830009095147357, 39.51363945947153], [18, 37.18861360237467, 43.27927502000121], [20, 8.014599386384287, 4.763668074742025], [24, 22.63454456791013, 35.303760461125435], [25, 13.595520533620899, 37.52215689122032], [28, 23.56024138180687, 43.741694354430045], [30, 38.94825658959917, 42.1871631666962], [31, 9.251612407459783, 37.62774391075986], [32, 39.79201369833154, 48.33549101918274], [34, 13.365135653779209, 40.849353042034295], [35, 18.124381349356934, 23.11546278028044], [36, 15.62143679474505, 28.229034534112348], [38, 11.20022556179028, 8.268391465802829], [39, 39.1299700621002, 30.60034258275785], [40, 27.578068292798655, 19.53698782457158], [42, 36.407047562482646, 41.47966489206065], [43, 9.86804634257824, 30.85189862256316], [44, 49.03513539981492, 44.528062720780845], [47, 39.43003342176576, 15.629420753339916], [49, 20.301018682698373, 43.225190706798706]]
Fitness: 952.7957165886794